#x1 x2 x3 x4 x5 y2 y
0.0 0.0 0.0 0.0 0.0 0.0 0.0
0.05 0.0025 0.000125 6.25e-06 3.125e-07 0.0499791692707 0.0499791692707
0.1 0.01 0.001 0.0001 1e-05 0.0998334166468 0.0998334166468
0.15 0.0225 0.003375 0.00050625 7.59375e-05 0.149438132474 0.149438132474
0.2 0.04 0.008 0.0016 0.00032 0.198669330795 0.198669330795
0.25 0.0625 0.015625 0.00390625 0.0009765625 0.247403959255 0.247403959255
0.3 0.09 0.027 0.0081 0.00243 0.295520206661 0.295520206661
0.35 0.1225 0.042875 0.01500625 0.0052521875 0.342897807455 0.342897807455
0.4 0.16 0.064 0.0256 0.01024 0.389418342309 0.389418342309
0.45 0.2025 0.091125 0.04100625 0.0184528125 0.434965534111 0.434965534111
0.5 0.25 0.125 0.0625 0.03125 0.479425538604 0.479425538604
0.55 0.3025 0.166375 0.09150625 0.0503284375 0.522687228931 0.522687228931
0.6 0.36 0.216 0.1296 0.07776 0.564642473395 0.564642473395
0.65 0.4225 0.274625 0.17850625 0.1160290625 0.605186405736 0.605186405736
0.7 0.49 0.343 0.2401 0.16807 0.644217687238 0.644217687238
0.75 0.5625 0.421875 0.31640625 0.2373046875 0.681638760023 0.681638760023
0.8 0.64 0.512 0.4096 0.32768 0.7173560909 0.7173560909
0.85 0.7225 0.614125 0.52200625 0.4437053125 0.75128040514 0.75128040514
0.9 0.81 0.729 0.6561 0.59049 0.783326909627 0.783326909627
0.95 0.9025 0.857375 0.81450625 0.7737809375 0.813415504789 0.813415504789
1.0 1.0 1.0 1.0 1.0 0.841470984808 0.841470984808
1.05 1.1025 1.157625 1.21550625 1.2762815625 0.867423225594 0.867423225594
1.1 1.21 1.331 1.4641 1.61051 0.891207360061 0.891207360061
1.15 1.3225 1.520875 1.74900625 2.0113571875 0.912763940261 0.912763940261
1.2 1.44 1.728 2.0736 2.48832 0.932039085967 0.932039085967
1.25 1.5625 1.953125 2.44140625 3.0517578125 0.948984619356 0.948984619356
1.3 1.69 2.197 2.8561 3.71293 0.963558185417 0.963558185417
1.35 1.8225 2.460375 3.32150625 4.4840334375 0.975723357827 0.975723357827
1.4 1.96 2.744 3.8416 5.37824 0.985449729988 0.985449729988
1.45 2.1025 3.048625 4.42050625 6.4097340625 0.992712991038 0.992712991038
1.5 2.25 3.375 5.0625 7.59375 0.997494986604 0.997494986604
1.55 2.4025 3.723875 5.77200625 8.9466096875 0.999783764189 0.999783764189
1.6 2.56 4.096 6.5536 10.48576 0.999573603042 0.999573603042
1.65 2.7225 4.492125 7.41200625 12.2298103125 0.996865028454 0.996865028454
1.7 2.89 4.913 8.3521 14.19857 0.991664810452 0.991664810452
1.75 3.0625 5.359375 9.37890625 16.4130859375 0.983985946874 0.983985946874
1.8 3.24 5.832 10.4976 18.89568 0.973847630878 0.973847630878
1.85 3.4225 6.331625 11.71350625 21.6699865625 0.961275202975 0.961275202975
1.9 3.61 6.859 13.0321 24.76099 0.946300087687 0.946300087687
1.95 3.8025 7.414875 14.45900625 28.1950621875 0.928959715004 0.928959715004
2.0 4.0 8.0 16.0 32.0 0.909297426826 0.909297426826
2.05 4.2025 8.615125 17.66100625 36.2050628125 0.887362368633 0.887362368633
2.1 4.41 9.261 19.4481 40.84101 0.863209366649 0.863209366649
2.15 4.6225 9.938375 21.36750625 45.9401384375 0.836898790798 0.836898790798
2.2 4.84 10.648 23.4256 51.53632 0.80849640382 0.80849640382
2.25 5.0625 11.390625 25.62890625 57.6650390625 0.778073196888 0.778073196888
2.3 5.29 12.167 27.9841 64.36343 0.745705212177 0.745705212177
2.35 5.5225 12.977875 30.49800625 71.6703146875 0.711473352791 0.711473352791
2.4 5.76 13.824 33.1776 79.62624 0.675463180551 0.675463180551
2.45 6.0025 14.706125 36.03000625 88.2735153125 0.637764702135 0.637764702135
2.5 6.25 15.625 39.0625 97.65625 0.598472144104 0.598472144104
2.55 6.5025 16.581375 42.28250625 107.820390938 0.557683717391 0.557683717391
2.6 6.76 17.576 45.6976 118.81376 0.515501371821 0.515501371821
2.65 7.0225 18.609625 49.31550625 130.686091563 0.47203054129 0.47203054129
2.7 7.29 19.683 53.1441 143.48907 0.427379880234 0.427379880234
2.75 7.5625 20.796875 57.19140625 157.276367188 0.381660992052 0.381660992052
2.8 7.84 21.952 61.4656 172.10368 0.334988150156 0.334988150156
2.85 8.1225 23.149125 65.97500625 188.028767813 0.287478012343 0.287478012343
2.9 8.41 24.389 70.7281 205.11149 0.239249329214 0.239249329214
2.95 8.7025 25.672375 75.73350625 223.413843438 0.190422647361 0.190422647361
3.0 9.0 27.0 81.0 243.0 0.14112000806 0.14112000806
3.05 9.3025 28.372625 86.53650625 263.936344063 0.0914646422324 0.0914646422324
3.1 9.61 29.791 92.3521 286.29151 0.0415806624333 0.0415806624333
3.15 9.9225 31.255875 98.45600625 310.136419688 -0.00840724736715 -0.00840724736715
3.2 10.24 32.768 104.8576 335.54432 -0.0583741434276 -0.0583741434276
3.25 10.5625 34.328125 111.56640625 362.590820313 -0.10819513453 -0.10819513453
3.3 10.89 35.937 118.5921 391.35393 -0.157745694143 -0.157745694143
3.35 11.2225 37.595375 125.94450625 421.914095938 -0.206901971673 -0.206901971673
3.4 11.56 39.304 133.6336 454.35424 -0.255541102027 -0.255541102027
3.45 11.9025 41.063625 141.66950625 488.759796563 -0.303541512708 -0.303541512708
3.5 12.25 42.875 150.0625 525.21875 -0.35078322769 -0.35078322769
3.55 12.6025 44.738875 158.82300625 563.821672188 -0.397148167286 -0.397148167286
3.6 12.96 46.656 167.9616 604.66176 -0.442520443295 -0.442520443295
3.65 13.3225 48.627125 177.48900625 647.834872813 -0.486786648656 -0.486786648656
3.7 13.69 50.653 187.4161 693.43957 -0.529836140908 -0.529836140908
3.75 14.0625 52.734375 197.75390625 741.577148438 -0.571561318742 -0.571561318742
3.8 14.44 54.872 208.5136 792.35168 -0.611857890943 -0.611857890943
3.85 14.8225 57.066625 219.70650625 845.870049063 -0.650625137065 -0.650625137065
3.9 15.21 59.319 231.3441 902.24199 -0.687766159184 -0.687766159184
3.95 15.6025 61.629875 243.43800625 961.580124688 -0.723188124087 -0.723188124087
4.0 16.0 64.0 256.0 1024.0 -0.756802495308 -0.756802495308
4.05 16.4025 66.430125 269.04200625 1089.62012531 -0.788525254426 -0.788525254426
4.1 16.81 68.921 282.5761 1158.56201 -0.818277111064 -0.818277111064
4.15 17.2225 71.473375 296.61450625 1230.95020094 -0.845983701075 -0.845983701075
4.2 17.64 74.088 311.1696 1306.91232 -0.871575772414 -0.871575772414
4.25 18.0625 76.765625 326.25390625 1386.57910156 -0.894989358229 -0.894989358229
4.3 18.49 79.507 341.8801 1470.08443 -0.916165936749 -0.916165936749
4.35 18.9225 82.312875 358.06100625 1557.56537719 -0.935052577558 -0.935052577558
4.4 19.36 85.184 374.8096 1649.16224 -0.95160207389 -0.95160207389
4.45 19.8025 88.121125 392.13900625 1745.01857781 -0.965773060621 -0.965773060621
4.5 20.25 91.125 410.0625 1845.28125 -0.977530117665 -0.977530117665
4.55 20.7025 94.196375 428.59350625 1950.10045344 -0.986843858503 -0.986843858503
4.6 21.16 97.336 447.7456 2059.62976 -0.993691003633 -0.993691003633
4.65 21.6225 100.544625 467.53250625 2174.02615406 -0.998054438759 -0.998054438759
4.7 22.09 103.823 487.9681 2293.45007 -0.999923257564 -0.999923257564
4.75 22.5625 107.171875 509.06640625 2418.06542969 -0.999292788975 -0.999292788975
4.8 23.04 110.592 530.8416 2548.03968 -0.996164608836 -0.996164608836
4.85 23.5225 114.084125 553.30800625 2683.54383031 -0.990546535967 -0.990546535967
4.9 24.01 117.649 576.4801 2824.75249 -0.982452612624 -0.982452612624
4.95 24.5025 121.287375 600.37250625 2971.84390594 -0.971903069402 -0.971903069402
